0,-3|
0,-4|
-2,-6|
-3,-9|
-5,-10|
-7,-12|
-8,-13|
-10,-13|
-13,-13|
-15,-14|
-18,-15|
-21,-15|
-24,-15|
-27,-15|
-29,-13|
-32,-9|
-33,-6|
-33,-2|
-29,1|
-26,2|
-23,4|
-20,4|
-16,4|
-11,4|
-7,2|
-2,-1|
-1,-2|
3,-4|
9,-7|
13,-10|
15,-11|
18,-11|
21,-11|
25,-11|
28,-10|
31,-8|
33,-6|
34,-5|
35,-3|
33,2|
31,5|
27,6|
24,7|
21,7|
18,8|
15,8|
12,8|
8,8|
6,7|
4,6|
1,3|
-1,0|
-3,-2|
-6,-3|
-7,-3|
-13,-3|
-17,-1|
-20,2|
-25,6|
-25,9|
-23,10|
-19,11|
-16,11|
-13,11|
-8,9|
-4,5|
-1,3|
2,0|
7,-3|
10,-4|
15,-4|
19,-4|
23,-4|
26,-4|
29,-3|
31,-1|
32,2|
32,5|
32,7|
29,11|
26,12|
23,13|
20,12|
16,10|
13,7|
10,5|
8,1|
5,-1|
1,-3|
-2,-5|
-6,-6|
-8,-7|
-11,-7|
-13,-7|
-15,-6|
-18,-4|
-20,-2|
-20,-1|
-20,1|
-18,2|
-17,5|
-14,5|
-11,7|
-6,7|
-3,7|
2,4|
6,1|
9,-1|
13,-1|
16,-1|
19,0|
19,2|
20,3|
18,5|
15,5|
12,5|
9,5|
7,5|
5,4|
2,2|
1,1|
1,-1